[4 - Copy.jpg]
filters=Lomo=1,0.000000,0.000000;
moddate=241cc9a65dded101
width=320
height=149
textactive=0
